Number: 1		Amount: 3
Number: 10		Amount: 1
Number: 12		Amount: 2
Number: 66		Amount: 2
Number: 75		Amount: 1
Number: 97		Amount: 1
Moda: 1		Frequncy: 3
Mediana: 12.0
Dispertion: 1250.8899999999999
Average square: 35.367923320432595
