Moda: 22		Frequncy: 4
Mediana: 532.0
Dispertion: 89012.62359999998
Average square: 298.3498342550235
