Moda: 14023		Frequncy: 2
Moda: 40617		Frequncy: 2
Moda: 93548		Frequncy: 2
Mediana: 49335.5
Dispertion: 801811586.690385
Average square: 28316.277768986252
